33,Jogging,49106982316165,2.0384,10.9368,1.0192
33,Jogging,49106982316166,-0.9408,10.2704,0.8232
33,Jogging,49106982316167,2.1952,15.0528,-3.1752
33,Jogging,49106982316168,3.5280,10.6232,0.3920
33,Jogging,49106982316169,-0.0392,10.0352,-0.9408
33,Jogging,49106982316170,-2.1168,8.4672,-2.3128
33,Jogging,49106982316171,-4.2336,4.8216,0.0784
33,Jogging,49106982316172,0.0000,4.6648,5.1352
33,Jogging,49106982316173,0.9408,11.6424,5.2528
33,Jogging,49106982316174,4.7432,17.2872,-10.6232
33,Jogging,49106982316175,7.7224,18.3064,-3.3320
33,Jogging,49106982316176,2.8616,14.9352,5.8800
33,Jogging,49106982316177,-4.3904,7.0560,4.7824
33,Jogging,49106982316178,1.6856,4.9392,4.4688
33,Jogging,49106982316179,-1.9600,4.7824,-2.2344
33,Jogging,49106982316180,0.2744,18.3848,-6.9776
33,Jogging,49106982316181,0.1176,19.9920,4.5080
33,Jogging,49106982316182,-1.3720,-3.3712,-5.4096
33,Jogging,49106982316183,1.0192,-3.8024,-4.8216
33,Jogging,49106982316184,-5.5664,11.8384,19.9920
33,Jogging,49106982316185,0.6272,-2.4696,-19.9920
33,Jogging,49106982316186,8.2712,19.2864,-7.3304
33,Jogging,49106982316187,11.2896,18.1104,-0.8232
33,Jogging,49106982316188,-2.1952,13.0144,3.2536
33,Jogging,49106982316189,-6.5464,8.9376,5.1352
33,Jogging,49106982316190,0.7056,5.5272,6.6640
33,Jogging,49106982316191,2.3912,1.1760,-1.8816
33,Jogging,49106982316192,0.0392,19.9920,0.0000
33,Jogging,49106982316193,2.6264,10.9760,0.2352
33,Jogging,49106982316194,-1.4504,4.8216,-4.3120
33,Jogging,49106982316195,-4.4296,-1.1368,-5.3704
33,Jogging,49106982316196,-4.5864,2.6264,3.8024
33,Jogging,49106982316197,2.7832,4.4296,-11.0152
33,Jogging,49106982316198,2.9792,19.9920,-1.9600
33,Jogging,49106982316199,5.0568,15.0528,-3.0184
33,Jogging,49106982316200,3.3320,19.6392,3.0184
33,Jogging,49106982316201,-5.3312,9.1728,4.6648
33,Jogging,49106982316202,3.2144,0.7056,0.3920
33,Jogging,49106982316203,-0.0392,10.5056,-3.7240
33,Jogging,49106982316204,-3.8808,19.9920,4.6256
33,Jogging,49106982316205,2.8224,15.2880,3.5672
33,Jogging,49106982316206,-1.7640,7.2912,-2.9400
33,Jogging,49106982316207,-4.3120,-1.0584,-4.7824
33,Jogging,49106982316208,4.8608,15.7976,-10.2704
33,Jogging,49106982316209,4.6256,12.7008,-4.6256
33,Jogging,49106982316210,5.0568,19.9528,1.8032
33,Jogging,49106982316211,0.1960,14.5432,4.5080
33,Jogging,49106982316212,-5.4096,6.5464,6.1544
33,Jogging,49106982316213,-0.2744,2.9400,8.7808
33,Jogging,49106982316214,-2.5872,5.2528,-4.0768
33,Jogging,49106982316215,-2.5088,19.9920,-1.6464
33,Jogging,49106982316216,5.9584,19.9920,4.6648
33,Jogging,49106982316217,2.8224,7.3696,-0.9408
33,Jogging,49106982316218,-2.6656,-0.7056,-4.6256
33,Jogging,49106982316219,-3.6456,2.5872,-0.6272
33,Jogging,49106982316220,7.5264,-3.1752,-19.9920
33,Jogging,49106982316221,4.9392,13.3672,-8.8592
33,Jogging,49106982316222,8.7808,16.9736,-3.8416
33,Jogging,49106982316223,2.5872,15.0528,1.7248
33,Jogging,49106982316224,-2.6656,12.4656,3.1752
33,Jogging,49106982316225,-2.9792,5.2136,6.1544
33,Jogging,49106982316226,0.5488,5.6448,-0.9800
33,Jogging,49106982316227,-0.7056,19.9920,-6.9776
33,Jogging,49106982316228,-2.6264,18.7768,1.6072
33,Jogging,49106982316229,-2.1168,10.5448,-1.8424
33,Jogging,49106982316230,-5.2920,0.5488,-5.4880
33,Jogging,49106982316231,-4.5472,-1.8032,-4.2728
33,Jogging,49106982316232,4.7432,14.3864,-4.0768
33,Jogging,49106982316233,3.7240,15.9544,-3.8024
33,Jogging,49106982316234,-2.9400,11.9168,5.3312
33,Jogging,49106982316235,-3.2144,6.5072,10.1136
33,Jogging,49106982316236,4.2728,0.0392,1.4112
33,Jogging,49106982316237,-0.0392,19.9920,4.7432
33,Jogging,49106982316238,2.6264,9.3688,1.8032
33,Jogging,49106982316239,-1.0976,3.5280,-4.1160
33,Jogging,49106982316240,-2.0776,4.3512,1.4112
33,Jogging,49106982316241,-2.8224,1.1760,-14.5040
33,Jogging,49106982316242,9.8784,13.8376,-12.1128
33,Jogging,49106982316243,6.5072,13.2496,-1.1368
33,Jogging,49106982316244,0.2744,12.6224,3.2144
33,Jogging,49106982316245,-3.9592,10.6232,6.2720
33,Jogging,49106982316246,-2.7048,5.6840,10.1920
33,Jogging,49106982316247,5.0960,-0.8624,-0.3920
33,Jogging,49106982316248,0.4312,16.7384,-0.3528
33,Jogging,49106982316249,5.0568,19.9920,6.6640
33,Jogging,49106982316250,2.7832,11.5640,-0.1176
33,Jogging,49106982316251,-4.0376,4.0768,1.7640
33,Jogging,49106982316252,-3.8416,1.4112,0.9408
33,Jogging,49106982316253,4.8216,16.3072,-2.8224
33,Jogging,49106982316254,2.1560,18.5416,-1.2936
33,Jogging,49106982316255,-0.3136,13.9160,5.6056
33,Jogging,49106982316256,-4.5080,8.4672,6.5072
33,Jogging,49106982316257,2.5480,1.5288,6.6640
33,Jogging,49106982316258,-0.1960,0.0000,-2.3912
33,Jogging,49106982316259,0.2744,19.9920,-0.3920
33,Jogging,49106982316260,2.7832,10.7800,-0.8232
33,Jogging,49106982316261,-1.7640,4.3904,-5.3312
33,Jogging,49106982316262,-5.0568,0.2744,-2.6264
33,Jogging,49106982316263,-3.2536,4.9392,3.8024
33,Jogging,49106982316264,5.6448,19.9920,-2.6264
33,Jogging,49106982316265,0.3136,19.3256,2.5872
33,Jogging,49106982316266,-1.4896,8.0752,5.6056
33,Jogging,49106982316267,-2.3912,5.2528,6.4288
33,Jogging,49106982316268,0.5880,2.9400,4.3512
33,Jogging,49106982316269,-2.1560,1.8032,-1.3328
33,Jogging,49106982316270,2.1560,19.9920,0.2352
33,Jogging,49106982316271,2.8224,19.9920,7.8008
33,Jogging,49106982316272,2.0384,10.8976,-0.9408
33,Jogging,49106982316273,-2.4696,4.2336,-6.5072
33,Jogging,49106982316274,-2.8616,-2.6656,-4.5472
33,Jogging,49106982316275,2.8224,2.9008,-17.1696
33,Jogging,49106982316276,3.3712,13.4848,-14.4648
33,Jogging,49106982316277,8.0752,19.9920,-3.3320
33,Jogging,49106982316278,6.5464,19.9920,5.1744
33,Jogging,49106982316279,-5.7232,10.4664,5.2920
33,Jogging,49106982316280,-5.6840,7.2912,6.9384
33,Jogging,49106982316281,2.2344,0.5880,1.9600
33,Jogging,49106982316282,-0.0392,3.4496,-3.7240
33,Jogging,49106982316283,-0.7056,19.9920,1.9208
33,Jogging,49106982316284,3.6064,19.9920,5.7624
33,Jogging,49106982316285,0.3920,8.2320,-3.6848
33,Jogging,49106982316286,-3.9984,0.3528,-6.5856
33,Jogging,49106982316287,-3.0576,1.0976,0.7448
33,Jogging,49106982316288,-2.8616,6.7424,14.7000
33,Jogging,49106982316289,12.3088,7.7616,-16.2288
33,Jogging,49106982316290,0.1960,19.9920,3.7240
33,Jogging,49106982316291,5.5664,19.9136,1.0976
33,Jogging,49106982316292,-2.0776,16.4248,3.0184
33,Jogging,49106982316293,0.8624,1.6464,7.4088
33,Jogging,49106982316294,-1.3328,12.8184,-0.1568
33,Jogging,49106982316295,7.4088,19.9920,6.3896
33,Jogging,49106982316296,2.8616,11.6032,1.4112
33,Jogging,49106982316297,-2.5088,2.5088,-7.8008
33,Jogging,49106982316298,-3.7632,-2.7440,-3.5280
33,Jogging,49106982316299,-1.8816,5.9584,9.8784
33,Jogging,49106982316300,3.1752,15.7976,-6.8208
33,Jogging,49106982316301,6.3112,19.6392,-6.9776
33,Jogging,49106982316302,2.5872,16.8560,3.7240
33,Jogging,49106982316303,-7.3696,12.1912,6.1544
33,Jogging,49106982316304,-3.5672,4.7040,9.6824
33,Jogging,49106982316305,5.5664,1.0584,4.5472
33,Jogging,49106982316306,0.7056,10.2312,-6.6640
33,Jogging,49106982316307,-3.7632,19.9920,-0.8624
33,Jogging,49106982316308,2.9792,16.6208,1.9208
33,Jogging,49106982316309,-0.6664,9.9960,-1.9992
33,Jogging,49106982316310,-4.5864,-4.8216,-7.3696
33,Jogging,49106982316311,-3.2536,0.4312,-0.6272
33,Jogging,49106982316312,-2.5480,14.4648,19.9920
33,Jogging,49106982316313,9.8000,1.6072,-8.4672
33,Jogging,49106982316314,2.2736,12.5048,-2.1560
33,Jogging,49106982316315,8.7416,19.9920,-0.6664
33,Jogging,49106982316316,-0.3920,13.6024,2.7440
33,Jogging,49106982316317,-7.1736,8.1536,4.0376
33,Jogging,49106982316318,-0.4312,6.0760,10.6232
33,Jogging,49106982316319,5.9976,2.3520,3.9200
33,Jogging,49106982316320,-0.4704,9.6040,-4.2336
33,Jogging,49106982316321,0.1960,19.9920,-2.9008
33,Jogging,49106982316322,2.3912,15.4840,3.4496
33,Jogging,49106982316323,-0.8232,10.7800,-4.1160
33,Jogging,49106982316324,-2.9400,-2.8616,-7.0952
33,Jogging,49106982316325,-2.4304,-1.9208,-4.9000
33,Jogging,49106982316326,0.5488,17.3656,19.9920
33,Jogging,49106982316327,2.3520,-1.0192,-19.9920
33,Jogging,49106982316328,1.2544,15.1312,-5.5664
33,Jogging,49106982316329,-1.6072,13.5240,3.7240
33,Jogging,49106982316330,-5.5664,8.5064,5.8800
33,Jogging,49106982316331,2.1168,3.9984,7.2128
33,Jogging,49106982316332,3.8416,1.1760,1.9600
33,Jogging,49106982316333,2.3912,16.4640,-4.8608
33,Jogging,49106982316334,1.0976,9.4864,-2.2736
33,Jogging,49106982316335,-2.2736,5.3312,-5.2920
33,Jogging,49106982316336,-2.5480,-4.2336,-3.3320
33,Jogging,49106982316337,-1.7248,3.9592,4.5472
33,Jogging,49106982316338,3.3712,-8.8984,-19.9920
33,Jogging,49106982316339,-1.2936,19.9920,-0.2352
33,Jogging,49106982316340,7.3304,19.9528,-4.5864
33,Jogging,49106982316341,1.5288,17.9144,3.1360
33,Jogging,49106982316342,-5.3312,7.0952,4.6648
33,Jogging,49106982316343,-0.6664,0.0392,-1.8816
33,Jogging,49106982316344,3.8416,17.6792,2.3520
33,Jogging,49106982316345,-0.6664,6.4680,-3.9200
33,Jogging,49106982316346,-4.0768,-5.9976,-6.5856
33,Jogging,49106982316347,1.7640,2.7440,6.2720
33,Jogging,49106982316348,2.1168,2.7832,6.3504
33,Jogging,49106982316349,-2.8616,4.0376,-3.2928
33,Jogging,49106982316350,-1.2152,19.9920,-4.0376
33,Jogging,49106982316351,2.9792,19.9920,5.2528
33,Jogging,49106982316352,-2.5872,-0.7840,-6.7424
33,Jogging,49106982316353,5.0176,-1.2544,-19.9920
33,Jogging,49106982316354,9.3688,19.7176,-0.5096
33,Jogging,49106982316355,-6.1936,10.1920,4.7824
33,Jogging,49106982316356,-2.1168,4.5080,8.1144
33,Jogging,49106982316357,5.6056,0.0000,2.3520
33,Jogging,49106982316358,-1.4504,18.7376,-3.0576
33,Jogging,49106982316359,4.3512,13.4848,1.3720
33,Jogging,49106982316360,-0.7840,5.7624,-3.9200
33,Jogging,49106982316361,-3.9200,-6.0760,-6.4288
33,Jogging,49106982316362,-2.7832,3.0184,1.9992
33,Jogging,49106982316363,-0.9408,-0.7056,-9.5648
33,Jogging,49106982316364,3.9984,18.2280,-17.6400
33,Jogging,49106982316365,8.1536,18.9336,-2.7440
33,Jogging,49106982316366,4.5472,19.4040,1.7248
33,Jogging,49106982316367,-3.3712,10.2704,3.5672
33,Jogging,49106982316368,-5.3704,6.4288,7.1736
33,Jogging,49106982316369,3.0576,1.5288,5.3312
33,Jogging,49106982316370,-1.3720,1.1760,-2.5872
33,Jogging,49106982316371,-0.3136,19.9920,0.7840
33,Jogging,49106982316372,4.1160,19.9920,4.9784
33,Jogging,49106982316373,0.9016,9.5648,-2.7440
33,Jogging,49106982316374,-2.7048,0.6664,-6.5464
33,Jogging,49106982316375,-3.9200,0.9408,-1.2936
33,Jogging,49106982316376,-3.2144,7.6832,14.3864
33,Jogging,49106982316377,8.0360,8.1144,-4.3904
33,Jogging,49106982316378,6.5072,19.9920,-3.4888
33,Jogging,49106982316379,5.4880,17.6792,-0.9016
33,Jogging,49106982316380,1.5288,18.5808,3.2536
33,Jogging,49106982316381,-5.2136,9.0944,5.6448
33,Jogging,49106982316382,-3.7240,5.8408,8.4280
33,Jogging,49106982316383,1.4504,-1.1760,-1.9992
33,Jogging,49106982316384,0.2352,13.8768,-2.3912
33,Jogging,49106982316385,-1.0584,19.9920,3.5672
33,Jogging,49106982316386,3.2536,14.7784,2.1560
33,Jogging,49106982316387,-2.5088,3.6456,-5.4096
33,Jogging,49106982316388,-5.4488,-3.0968,-5.5664
33,Jogging,49106982316389,-1.8424,2.1168,7.3304
33,Jogging,49106982316390,2.8616,-1.4112,-9.0944
33,Jogging,49106982316391,4.5864,19.9920,-3.7240
33,Jogging,49106982316392,7.2912,16.5816,-3.0968
33,Jogging,49106982316393,2.8616,17.9928,2.5872
33,Jogging,49106982316394,-2.6656,11.6816,3.7240
33,Jogging,49106982316395,-6.5464,6.5072,8.6632
33,Jogging,49106982316396,2.7440,2.1560,5.6056
33,Jogging,49106982316397,-0.6272,7.6440,-5.1744
33,Jogging,49106982316398,-2.9792,19.9920,1.1760
33,Jogging,49106982316399,5.3704,19.3256,5.6056
33,Jogging,49106982316400,1.4504,9.0160,-0.4312
33,Jogging,49106982316401,-4.8608,0.0784,-7.1736
33,Jogging,49106982316402,-5.0568,-2.6656,-3.0968
33,Jogging,49106982316403,-2.7440,12.9360,19.9920
33,Jogging,49106982316404,4.4688,17.2480,5.4880
33,Jogging,49106982316405,-0.6664,13.2496,-4.8216
33,Jogging,49106982316406,-0.5488,17.1304,4.1160
33,Jogging,49106982316407,-5.3312,10.3096,4.6256
33,Jogging,49106982316408,-0.0784,4.2336,8.7416
33,Jogging,49106982316409,2.8616,0.7056,1.4896
33,Jogging,49106982316410,-2.4304,13.1320,-2.5872
33,Jogging,49106982316411,-2.8224,19.9920,3.0576
33,Jogging,49106982316412,3.6064,14.9744,2.7832
33,Jogging,49106982316413,-0.8624,8.0752,-3.0968
33,Jogging,49106982316414,-5.8408,-3.1360,-6.4288
33,Jogging,49106982316415,-2.1952,1.5288,0.8624
33,Jogging,49106982316416,0.3528,6.4680,4.2336
33,Jogging,49106982316417,9.2904,17.3656,-19.9920
33,Jogging,49106982316418,5.9192,18.3456,-1.9600
33,Jogging,49106982316419,5.0960,19.6784,3.2536
33,Jogging,49106982316420,-1.1760,10.0352,3.3320
33,Jogging,49106982316421,-4.1160,6.4288,5.6056
33,Jogging,49106982316422,1.0192,4.1944,6.3112
33,Jogging,49106982316423,-0.6664,1.8424,-0.9016
33,Jogging,49106982316424,0.3920,19.9920,-0.4704
33,Jogging,49106982316425,3.3320,19.9920,7.8400
33,Jogging,49106982316426,1.3720,9.0160,-0.3136
33,Jogging,49106982316427,-2.9008,3.0968,-6.5856
33,Jogging,49106982316428,-2.2736,-4.3120,-3.1360
33,Jogging,49106982316429,-1.0584,3.2144,8.7808
33,Jogging,49106982316430,4.8216,1.2936,-19.0904
33,Jogging,49106982316431,-2.7832,19.9920,-2.9792
33,Jogging,49106982316432,6.3896,19.9920,5.1744
33,Jogging,49106982316433,-1.8816,13.8768,2.1168
33,Jogging,49106982316434,-4.9784,6.4680,5.9976
33,Jogging,49106982316435,-0.1960,2.4696,4.0376
33,Jogging,49106982316436,-1.6856,2.5088,-2.5088
33,Jogging,49106982316437,-1.6464,12.6616,-1.6856
33,Jogging,49106982316438,2.9792,19.9920,6.7816
33,Jogging,49106982316439,2.5088,12.3480,1.3720
33,Jogging,49106982316440,-2.2736,2.7440,-5.7624
33,Jogging,49106982316441,-2.7832,-6.1152,-4.7040
33,Jogging,49106982316442,-2.2736,19.9920,0.8232
33,Jogging,49106982316443,7.9184,19.8744,2.1952
33,Jogging,49106982316444,3.5280,17.6400,1.9600
33,Jogging,49106982316445,0.1176,10.7016,1.8424
33,Jogging,49106982316446,-0.0784,5.0960,6.5072
33,Jogging,49106982316447,-2.8616,1.7640,-1.4504
33,Jogging,49106982316448,0.0392,12.2696,-3.7240
33,Jogging,49106982316449,7.2520,19.9920,7.8792
33,Jogging,49106982316450,3.0184,13.2496,1.3720
33,Jogging,49106982316451,-0.5880,5.8408,-4.0768
33,Jogging,49106982316452,-2.4304,-1.4112,-5.9584
33,Jogging,49106982316453,-1.0584,2.3520,-1.1368
33,Jogging,49106982316454,-8.7024,19.9920,19.9920
33,Jogging,49106982316455,19.9920,6.5856,-19.9920
33,Jogging,49106982316456,-5.6840,19.9920,7.3696
33,Jogging,49106982316457,0.2352,12.2304,-1.1368
33,Jogging,49106982316458,1.4112,7.1736,1.6072
33,Jogging,49106982316459,-0.3920,6.6640,0.8232
33,Jogging,49106982316460,1.8424,10.1528,-0.3136
33,Jogging,49106982316461,1.5288,11.0152,-1.6856
33,Jogging,49106982316462,1.4896,10.7016,-2.7048
33,Jogging,49106982316463,2.0776,10.1136,-1.5680
33,Jogging,49106982316464,0.6664,10.1136,2.9400
33,Jogging,49106982316465,0.3136,14.0728,-3.2536
33,Jogging,49106982316466,4.5472,17.0912,-3.6064
33,Jogging,49106982316467,2.0776,9.3296,-0.4704
33,Jogging,49106982316468,-1.6072,6.0760,-1.2152
33,Jogging,49106982316469,-2.6656,5.3312,-0.1176
33,Jogging,49106982316470,-6.6640,6.1152,10.5448
33,Jogging,49106982316471,0.2744,0.6272,-9.5256
33,Jogging,49106982316472,-2.6656,19.9920,-3.1752
33,Jogging,49106982316473,4.3904,14.5824,-4.2728
33,Jogging,49106982316474,3.2536,17.0128,0.3920
33,Jogging,49106982316475,-2.1952,10.3488,5.4096
33,Jogging,49106982316476,-4.9392,7.9576,6.0760
33,Jogging,49106982316477,1.8032,1.8424,4.1552
33,Jogging,49106982316478,0.5488,2.9400,-2.7832
33,Jogging,49106982316479,0.9408,19.9920,-0.5488
33,Jogging,49106982316480,1.3328,19.9920,5.3312
33,Jogging,49106982316481,0.7840,9.4080,-2.5872
33,Jogging,49106982316482,-3.5672,-0.5880,-6.7032
33,Jogging,49106982316483,-3.2144,1.8424,1.8816
33,Jogging,49106982316484,5.4096,7.5656,-5.8800
33,Jogging,49106982316485,8.1536,19.9920,-3.0576
33,Jogging,49106982316486,4.4688,19.3648,-0.9800
33,Jogging,49106982316487,0.8624,14.8960,1.0584
33,Jogging,49106982316488,-5.2136,7.8008,6.1152
33,Jogging,49106982316489,-1.4896,4.0768,8.1928
33,Jogging,49106982316490,-0.1960,0.3136,-2.9400
33,Jogging,49106982316491,3.8024,19.9920,7.1736
33,Jogging,49106982316492,4.3904,14.5040,2.7832
33,Jogging,49106982316493,-3.4496,2.1168,-6.9384
33,Jogging,49106982316494,-5.4488,-7.1736,-7.4088
33,Jogging,49106982316495,-0.9408,9.2120,8.5848
33,Jogging,49106982316496,-4.4688,19.9920,-2.9792
33,Jogging,49106982316497,5.3704,19.9920,-2.5480
33,Jogging,49106982316498,5.6448,18.8160,2.8616
33,Jogging,49106982316499,1.1368,10.5448,3.6064
33,Jogging,49106982316500,-5.6056,5.7624,6.0368
33,Jogging,49106982316501,2.0776,1.0192,4.6648
33,Jogging,49106982316502,-0.7840,5.3312,-2.7832
33,Jogging,49106982316503,-0.6664,19.9920,0.4312
33,Jogging,49106982316504,2.7048,19.9920,4.8608
33,Jogging,49106982316505,1.7640,13.5632,-0.6272
33,Jogging,49106982316506,-3.8024,-1.7640,-6.6640
33,Jogging,49106982316507,-2.5480,-6.0760,-3.4888
33,Jogging,49106982316508,-0.3920,12.9360,19.9920
33,Jogging,49106982316509,-1.6072,17.2872,-3.3712
33,Jogging,49106982316510,9.4080,19.9920,-3.0576
33,Jogging,49106982316511,1.6072,17.2872,4.4688
33,Jogging,49106982316512,-4.5472,11.0936,7.2520
33,Jogging,49106982316513,2.6656,2.5872,6.0760
33,Jogging,49106982316514,1.8424,-1.2544,-0.0784
33,Jogging,49106982316515,-3.4496,12.4264,-0.6272
33,Jogging,49106982316516,-0.0784,19.9920,0.5096
33,Jogging,49106982316517,3.0576,13.2496,1.2544
33,Jogging,49106982316518,-1.2936,6.0368,-2.5872
33,Jogging,49106982316519,-5.2920,-2.7048,-4.5080
33,Jogging,49106982316520,-1.6856,2.8224,4.3512
33,Jogging,49106982316521,0.0392,2.5872,-3.3712
33,Jogging,49106982316522,5.9584,8.6632,-13.9160
33,Jogging,49106982316523,8.9768,19.9920,-0.7840
33,Jogging,49106982316524,4.5080,19.4432,3.5280
33,Jogging,49106982316525,-5.0176,9.5256,7.9576
33,Jogging,49106982316526,0.8232,-0.4312,0.3920
33,Jogging,49106982316527,0.1568,4.5472,-2.9792
33,Jogging,49106982316528,0.5096,19.0120,1.7248
33,Jogging,49106982316529,1.8424,19.9920,8.9768
33,Jogging,49106982316530,-2.1952,4.3904,-1.4504
33,Jogging,49106982316531,-4.4688,3.0184,-3.4104
33,Jogging,49106982316532,-0.9016,2.8616,1.1368
33,Jogging,49106982316533,1.5680,10.2704,7.8400
33,Jogging,49106982316534,4.7824,2.0776,-11.1720
33,Jogging,49106982316535,-2.6264,19.9920,-14.4256
33,Jogging,49106982316536,9.3296,19.9136,-2.7832
33,Jogging,49106982316537,5.4880,18.8160,3.1360
33,Jogging,49106982316538,-7.6048,11.1720,4.1944
33,Jogging,49106982316539,-1.8816,7.4088,7.8792
33,Jogging,49106982316540,1.6072,1.2544,3.5280
33,Jogging,49106982316541,-2.9008,2.7440,-5.9192
33,Jogging,49106982316542,0.7448,7.9184,-2.2736
33,Jogging,49106982316543,-3.4104,-0.6664,-6.4680
33,Jogging,49106982316544,-1.6464,-1.0976,-1.2152
33,Jogging,49106982316545,0.5880,5.7624,7.5656
33,Jogging,49106982316546,0.9800,9.9960,10.2312
33,Jogging,49106982316547,0.7448,19.9920,-2.7832
33,Jogging,49106982316548,9.7216,19.9920,-0.1568
33,Jogging,49106982316549,1.3328,19.9528,6.7424
33,Jogging,49106982316550,-8.0752,9.2120,7.8008
33,Jogging,49106982316551,2.1560,4.1160,10.0352
33,Jogging,49106982316552,2.6656,2.3520,-1.8032
33,Jogging,49106982316553,-3.3320,11.0152,-1.9600
33,Jogging,49106982316554,5.2528,19.9920,12.6224
33,Jogging,49106982316555,2.3520,8.1928,3.0968
33,Jogging,49106982316556,-5.3312,3.5280,-4.7824
33,Jogging,49106982316557,-3.4496,-0.1960,-5.0176
33,Jogging,49106982316558,-0.3528,0.2744,1.3328
33,Jogging,49106982316559,4.0376,15.7584,16.8560
33,Jogging,49106982316560,6.7816,5.7232,-9.0160
33,Jogging,49106982316561,-2.3128,19.9920,-10.1920
33,Jogging,49106982316562,6.9776,19.9920,0.1176
33,Jogging,49106982316563,5.0568,19.6392,7.7616
33,Jogging,49106982316564,-5.6448,8.7024,5.6448
33,Jogging,49106982316565,-1.5680,4.9392,8.1928
33,Jogging,49106982316566,0.0000,-0.6272,-3.0968
33,Jogging,49106982316567,-5.5272,7.4480,0.6272
33,Jogging,49106982316568,3.5280,19.9920,1.3328
33,Jogging,49106982316569,0.9016,16.1504,5.8016
33,Jogging,49106982316570,-4.1160,5.1744,-3.2928
33,Jogging,49106982316571,-4.3512,2.0776,-5.1352
33,Jogging,49106982316572,-0.5880,1.2936,1.2152
33,Jogging,49106982316573,-0.4704,9.2512,10.3488
33,Jogging,49106982316574,5.5272,19.4432,-2.7832
33,Jogging,49106982316575,-3.3320,7.5656,-0.5880
33,Jogging,49106982316576,6.8992,19.9920,-2.0384
33,Jogging,49106982316577,-5.2528,9.8000,5.0568
33,Jogging,49106982316578,-4.4688,6.3896,8.3496
33,Jogging,49106982316579,1.1760,-1.3720,-0.3136
33,Jogging,49106982316580,-1.6856,11.0544,-3.9200
33,Jogging,49106982316581,-2.1952,19.9920,0.9016
33,Jogging,49106982316582,-4.3120,-3.5280,-8.3888
33,Jogging,49106982316583,-2.5480,3.9592,1.1368
33,Jogging,49106982316584,-3.1752,15.8368,19.9920
33,Jogging,49106982316585,6.1544,18.5024,-19.9920
33,Jogging,49106982316586,-0.8232,11.3288,-0.7840
33,Jogging,49106982316587,5.7624,19.3256,0.6272
33,Jogging,49106982316588,2.0776,17.1696,3.9984
33,Jogging,49106982316589,-5.1352,8.7416,4.0768
33,Jogging,49106982316590,2.7832,-1.2936,-1.4112
33,Jogging,49106982316591,1.8424,19.9920,3.0576
33,Jogging,49106982316592,4.2728,19.1296,4.9392
33,Jogging,49106982316593,-2.4696,8.0360,-2.9400
33,Jogging,49106982316594,-5.8016,0.9408,-5.1744
33,Jogging,49106982316595,-3.0576,1.4896,-0.0392
33,Jogging,49106982316596,0.5488,7.9576,11.6816
33,Jogging,49106982316597,-0.2744,14.0728,14.5040
33,Jogging,49106982316598,3.2536,12.5832,-5.3704
33,Jogging,49106982316599,5.2920,19.4432,-2.6656
33,Jogging,49106982316600,5.4880,17.6792,0.5096
33,Jogging,49106982316601,-4.4296,12.8968,4.9784
33,Jogging,49106982316602,-6.4680,6.9384,7.4872
33,Jogging,49106982316603,5.0960,0.7840,4.0768
33,Jogging,49106982316604,0.8624,1.5680,-1.3720
33,Jogging,49106982316605,-1.2544,19.9920,2.6656
33,Jogging,49106982316606,4.3120,19.9920,7.9576
33,Jogging,49106982316607,1.9992,12.9360,-1.1760
33,Jogging,49106982316608,-4.1944,5.9584,-5.9192
33,Jogging,49106982316609,-1.7248,3.0968,0.3136
33,Jogging,49106982316610,1.4504,3.5280,-11.7600
33,Jogging,49106982316611,4.7432,14.1120,-11.7992
33,Jogging,49106982316612,4.9392,19.9920,-3.6456
33,Jogging,49106982316613,6.7816,19.9920,1.6464
33,Jogging,49106982316614,-4.1160,12.3088,6.5464
33,Jogging,49106982316615,-3.8808,5.8800,6.2328
33,Jogging,49106982316616,3.2928,1.1760,4.3512
33,Jogging,49106982316617,-2.5872,0.4704,-2.9792
33,Jogging,49106982316618,0.8232,19.9136,1.0192
33,Jogging,49106982316619,4.3904,19.9920,1.4112
33,Jogging,49106982316620,3.0184,14.3080,1.1760
33,Jogging,49106982316621,-3.1752,6.5464,-4.0768
33,Jogging,49106982316622,-4.1160,-2.5872,-5.0960
33,Jogging,49106982316623,-1.2544,3.9200,1.0192
33,Jogging,49106982316624,-1.0976,1.0976,-9.2120
33,Jogging,49106982316625,9.9568,10.5056,-12.5048
33,Jogging,49106982316626,5.0568,13.8376,-7.1344
33,Jogging,49106982316627,5.7624,19.2080,0.8232
33,Jogging,49106982316628,-1.0976,12.3088,4.9784
33,Jogging,49106982316629,-5.8016,6.9776,4.1160
33,Jogging,49106982316630,-0.6272,1.8424,0.5096
33,Jogging,49106982316631,4.8216,19.1296,-2.4304
33,Jogging,49106982316632,3.0184,19.9920,0.0000
33,Jogging,49106982316633,4.7432,16.6992,0.9016
33,Jogging,49106982316634,0.1960,10.7408,-3.6848
33,Jogging,49106982316635,-1.0976,-1.7248,-5.6056
33,Jogging,49106982316636,1.6856,-2.7832,-3.1360
33,Jogging,49106982316637,-3.5280,8.9768,6.0760
33,Jogging,49106982316638,-1.0192,9.6824,16.5424
33,Jogging,49106982316639,6.5856,14.3472,-8.2712
33,Jogging,49106982316640,6.9776,17.1696,-11.9560
33,Jogging,49106982316641,-0.1176,11.9168,-4.2728
33,Jogging,49106982316642,-1.1368,12.6616,-1.6072
33,Jogging,49106982316643,2.7440,6.6248,2.7832
33,Jogging,49106982316644,2.2736,8.4672,2.3128
33,Jogging,49106982316645,0.3136,10.3096,0.0392
33,Jogging,49106982316646,0.6272,11.5640,-0.6664
33,Jogging,49106982316647,1.4112,10.5056,-0.1960
33,Jogging,49106982316648,1.3720,11.0936,1.4896
33,Jogging,49106982316649,-0.1960,11.6424,0.2744
33,Jogging,49106982316650,-0.3136,9.2512,-2.7048
33,Jogging,49106982316651,3.6064,11.8384,-1.2936
33,Jogging,49106982316652,0.7448,11.7208,0.0392
33,Jogging,49106982316653,-3.7632,7.6832,-0.5880
33,Jogging,49106982316654,-9.2904,-0.0392,4.6256
33,Jogging,49106982316655,0.3136,5.6448,-3.8416
33,Jogging,49106982316656,10.1920,15.6800,1.3328
33,Jogging,49106982316657,5.0568,16.8560,-3.4496
33,Jogging,49106982316658,-1.2544,14.5040,1.0192
33,Jogging,49106982316659,1.1368,3.9592,7.0560
33,Jogging,49106982316660,-1.9992,17.9928,-4.4688
33,Jogging,49106982316661,-2.9400,19.9920,4.0376
33,Jogging,49106982316662,2.9400,13.7592,1.4896
33,Jogging,49106982316663,-0.9016,6.4680,-3.6064
33,Jogging,49106982316664,-4.6256,-4.4296,-5.3704
33,Jogging,49106982316665,-2.2736,1.8032,1.2936
33,Jogging,49106982316666,-2.4304,5.6056,7.4088
33,Jogging,49106982316667,8.3104,10.5056,-14.0728
33,Jogging,49106982316668,3.5672,12.9752,-6.6248
33,Jogging,49106982316669,5.6056,19.9920,1.0192
33,Jogging,49106982316670,-0.3920,10.0744,3.0576
33,Jogging,49106982316671,-4.8608,7.6440,4.8608
33,Jogging,49106982316672,0.9016,3.5672,6.3896
33,Jogging,49106982316673,-0.7840,1.2544,0.3136
33,Jogging,49106982316674,0.1960,19.9920,-4.8608
33,Jogging,49106982316675,3.1752,13.7984,1.5288
33,Jogging,49106982316676,-0.5880,5.9976,-3.3320
33,Jogging,49106982316677,-3.2928,-6.1936,-6.8208
33,Jogging,49106982316678,-0.9016,-0.5096,-0.2744
33,Jogging,49106982316679,-1.5680,11.4072,13.5632
33,Jogging,49106982316680,3.2536,18.5416,-1.1760
33,Jogging,49106982316681,3.2536,12.0736,-7.0560
33,Jogging,49106982316682,10.1136,19.9920,-0.6272
33,Jogging,49106982316683,-2.3128,13.3280,3.2536
33,Jogging,49106982316684,-6.7424,9.0944,5.4880
33,Jogging,49106982316685,2.6264,2.5480,6.4680
33,Jogging,49106982316686,2.6264,-1.3720,1.0192
33,Jogging,49106982316687,-2.1952,19.9920,-0.2352
33,Jogging,49106982316688,-4.0376,19.9920,2.5088
33,Jogging,49106982316689,2.9792,12.1520,1.4896
33,Jogging,49106982316690,-1.1368,5.2528,-3.2928
33,Jogging,49106982316691,-3.1360,-6.4288,-5.7624
33,Jogging,49106982316692,-1.1760,2.5480,2.4696
33,Jogging,49106982316693,1.2152,6.2720,1.0584
33,Jogging,49106982316694,2.5088,15.3664,-15.4056
33,Jogging,49106982316695,7.5264,19.9920,3.8416
33,Jogging,49106982316696,-2.9792,10.8976,4.6648
33,Jogging,49106982316697,-5.3704,5.9584,5.8800
33,Jogging,49106982316698,2.8224,1.0976,4.3904
33,Jogging,49106982316699,-1.9600,1.3328,-2.9008
33,Jogging,49106982316700,-2.2736,19.9920,-2.4696
33,Jogging,49106982316701,2.4304,19.9920,4.5864
33,Jogging,49106982316702,1.2544,10.2312,-1.4896
33,Jogging,49106982316703,-2.3520,-0.0784,-6.2720
33,Jogging,49106982316704,-1.1368,-4.6256,-3.6064
33,Jogging,49106982316705,-0.3920,4.6256,5.0176
33,Jogging,49106982316706,7.9184,9.1336,-14.8568
33,Jogging,49106982316707,-1.1760,8.2320,-12.2696
33,Jogging,49106982316708,13.6416,19.9920,-1.4112
33,Jogging,49106982316709,5.4096,19.7176,5.0960
33,Jogging,49106982316710,-7.2912,9.2120,4.1552
33,Jogging,49106982316711,-3.8024,5.2920,7.3696
33,Jogging,49106982316712,2.0776,-0.6664,2.8224
33,Jogging,49106982316713,-5.0568,5.2136,-1.8816
33,Jogging,49106982316714,-0.5488,19.9920,-5.0568
33,Jogging,49106982316715,3.8416,19.9920,5.6448
33,Jogging,49106982316716,0.0784,10.1920,-2.6264
33,Jogging,49106982316717,-3.7240,-1.4112,-7.4480
33,Jogging,49106982316718,-1.3328,-3.9984,-3.0968
33,Jogging,49106982316719,-0.5880,4.3120,6.1152
33,Jogging,49106982316720,7.4480,0.3920,-17.1696
33,Jogging,49106982316721,-2.8616,19.9920,-19.6784
33,Jogging,49106982316722,7.1344,19.9920,-5.0960
33,Jogging,49106982316723,8.2712,19.9920,5.2136
33,Jogging,49106982316724,-6.1544,10.7800,3.5280
33,Jogging,49106982316725,-4.5864,3.8024,5.8016
33,Jogging,49106982316726,3.8416,-0.3528,3.8808
33,Jogging,49106982316727,-6.0760,4.7040,-2.6264
33,Jogging,49106982316728,-0.1960,19.9920,-2.2344
33,Jogging,49106982316729,8.2320,19.9920,8.8200
33,Jogging,49106982316730,0.0392,7.3696,-3.8808
33,Jogging,49106982316731,-3.8416,-2.3912,-7.8792
33,Jogging,49106982316732,-2.1560,-0.8624,0.4704
33,Jogging,49106982316733,0.1568,5.9976,16.6992
33,Jogging,49106982316734,9.8392,9.3688,-19.8352
33,Jogging,49106982316735,-3.6456,19.3648,-3.0968
33,Jogging,49106982316736,9.8392,19.9920,2.6656
33,Jogging,49106982316737,2.1952,17.0128,4.9000
33,Jogging,49106982316738,0.3920,1.6464,6.9384
33,Jogging,49106982316739,-0.8232,1.4504,-1.6856
33,Jogging,49106982316740,0.3528,15.0528,-1.5288
33,Jogging,49106982316741,3.2144,15.3664,2.3128
33,Jogging,49106982316742,-1.9600,3.5672,-5.3704
33,Jogging,49106982316743,-4.8216,-4.3512,-7.0168
33,Jogging,49106982316744,-0.9016,3.0968,3.3320
33,Jogging,49106982316745,-1.5288,12.7400,17.0912
33,Jogging,49106982316746,-1.8032,19.1688,-18.2280
33,Jogging,49106982316747,7.8008,19.9920,7.6440
33,Jogging,49106982316748,-3.6848,12.1520,4.4296
33,Jogging,49106982316749,-1.6072,6.2720,7.9576
33,Jogging,49106982316750,3.0968,1.2152,6.6248
33,Jogging,49106982316751,-1.6072,4.0768,-1.9600
33,Jogging,49106982316752,1.2544,18.8944,-1.8816
33,Jogging,49106982316753,4.7040,19.9920,10.3488
33,Jogging,49106982316754,2.4304,10.1920,1.1368
33,Jogging,49106982316755,-3.5280,-0.2352,-7.0168
33,Jogging,49106982316756,-3.4496,-5.7232,-6.7424
33,Jogging,49106982316757,-0.9800,4.6256,5.4096
33,Jogging,49106982316758,-3.3320,13.6024,18.3848
33,Jogging,49106982316759,2.2736,11.9560,-15.0136
33,Jogging,49106982316760,3.6064,17.7968,-7.6440
33,Jogging,49106982316761,2.7832,17.4440,3.5672
33,Jogging,49106982316762,-1.6856,11.1328,3.9200
33,Jogging,49106982316763,-1.7248,5.5664,7.7616
33,Jogging,49106982316764,0.4312,3.7240,7.0952
33,Jogging,49106982316765,-0.1568,1.9600,-0.1960
33,Jogging,49106982316766,4.5472,19.9136,-3.3320
33,Jogging,49106982316767,-1.5680,19.9920,5.2528
33,Jogging,49106982316768,4.4296,14.9352,0.4704
33,Jogging,49106982316769,-2.2736,3.1360,-5.0960
33,Jogging,49106982316770,-3.2928,-3.4104,-7.2128
33,Jogging,49106982316771,-2.2344,3.0576,0.3920
33,Jogging,49106982316772,-5.8408,17.9928,19.9920
33,Jogging,49106982316773,4.9392,18.4632,-15.6800
33,Jogging,49106982316774,1.1368,15.6016,-5.8408
33,Jogging,49106982316775,6.7816,19.9920,2.9792
33,Jogging,49106982316776,-1.5288,14.1120,4.1160
33,Jogging,49106982316777,2.3912,3.4496,7.2128
33,Jogging,49106982316778,0.0784,0.2352,-0.6664
33,Jogging,49106982316779,1.5680,16.0720,-3.4104
33,Jogging,49106982316780,-1.3720,19.9920,2.7440
33,Jogging,49106982316781,5.0960,17.0912,2.4696
33,Jogging,49106982316782,-4.5080,-4.4688,-7.6440
33,Jogging,49106982316783,-1.1760,5.4096,1.9600
33,Jogging,49106982316784,-6.9776,19.9920,19.9920
33,Jogging,49106982316785,6.3896,16.0720,-14.3080
33,Jogging,49106982316786,0.2744,11.9168,-6.3896
33,Jogging,49106982316787,4.9784,19.8744,0.4704
33,Jogging,49106982316788,4.1944,15.6016,4.0376
33,Jogging,49106982316789,-4.2336,6.9384,3.8024
33,Jogging,49106982316790,-2.5088,6.5072,8.2320
33,Jogging,49106982316791,2.0776,0.4704,1.8424
33,Jogging,49106982316792,-0.0784,8.9768,-3.6456
33,Jogging,49106982316793,-2.1168,19.9920,1.1760
33,Jogging,49106982316794,5.4096,19.9920,6.4680
33,Jogging,49106982316795,-3.0184,8.3496,-3.9200
33,Jogging,49106982316796,-7.1344,-0.2744,-6.5464
33,Jogging,49106982316797,9.4864,8.1536,-13.4456
33,Jogging,49106982316798,0.6664,19.9920,4.5472
33,Jogging,49106982316799,2.5872,17.4832,-1.9208
33,Jogging,49106982316800,3.9200,19.1688,2.7832
33,Jogging,49106982316801,-1.6072,8.1536,2.5872
33,Jogging,49106982316802,2.3520,4.5080,7.2520
33,Jogging,49106982316803,-0.0392,3.5280,1.7248
33,Jogging,49106982316804,4.4688,19.9920,-4.5080
33,Jogging,49106982316805,1.9600,19.9920,2.8224
33,Jogging,49106982316806,4.6256,14.1904,-0.5488
33,Jogging,49106982316807,-0.7840,8.6632,-4.1160
33,Jogging,49106982316808,-1.6072,-1.6464,-4.1944
33,Jogging,49106982316809,-1.3720,-2.0384,-3.4496
33,Jogging,49106982316810,0.2744,19.9920,19.4824
33,Jogging,49106982316811,4.0376,13.4456,1.2544
33,Jogging,49106982316812,6.9384,19.9920,-4.1552
33,Jogging,49106982316813,-1.2544,11.4856,-3.0968
33,Jogging,49106982316814,3.8024,8.3104,0.9800
33,Jogging,49106982316815,3.2144,6.5072,-0.9800
33,Jogging,49106982316816,0.9408,8.1536,-1.7248
33,Jogging,49106982316817,-1.4896,10.7408,-3.0576
33,Jogging,49106982316818,-1.0192,11.0936,-1.6072
33,Jogging,49106982316819,2.1168,11.6816,2.1560
33,Jogging,49106982316820,0.3528,11.2504,3.7240
33,Jogging,49106982316821,-0.4312,9.7216,4.1160
33,Jogging,49106982316822,-0.0784,9.5256,2.0384
33,Jogging,49106982316823,10.3880,16.7384,-5.4880
33,Jogging,49106982316824,8.1928,19.1688,2.4696
33,Jogging,49106982316825,3.0184,14.3472,-1.4112
33,Jogging,49106982316826,-1.4112,10.6232,-3.9592
33,Jogging,49106982316827,-5.0960,1.1760,-6.9384
33,Jogging,49106982316828,-5.0960,5.0960,-1.6464
33,Jogging,49106982316829,-3.5672,4.3120,10.7016
33,Jogging,49106982316830,7.6048,19.9920,-0.3528
33,Jogging,49106982316831,1.3328,16.4640,-5.4488
33,Jogging,49106982316832,2.7048,14.1904,2.0776
33,Jogging,49106982316833,0.4704,8.8200,5.5272
33,Jogging,49106982316834,-1.9992,5.5664,6.2328
33,Jogging,49106982316835,2.1168,2.1952,4.7824
33,Jogging,49106982316836,0.1176,14.3864,-2.6656
33,Jogging,49106982316837,-2.7048,19.9920,-3.8808
33,Jogging,49106982316838,6.6248,19.1296,2.9792
33,Jogging,49106982316839,0.8232,10.7408,-3.1752
33,Jogging,49106982316840,-3.7240,-4.3120,-2.8224
33,Jogging,49106982316841,-4.1160,11.6424,19.9920
33,Jogging,49106982316842,5.8408,-1.8816,-12.5440
33,Jogging,49106982316843,5.9976,18.5808,1.8424
33,Jogging,49106982316844,5.2136,19.6784,-4.2336
33,Jogging,49106982316845,2.9400,15.9936,2.8616
33,Jogging,49106982316846,-3.6456,9.0552,3.8416
33,Jogging,49106982316847,-2.1560,4.5864,9.8784
33,Jogging,49106982316848,4.5864,1.3328,5.9192
33,Jogging,49106982316849,0.7840,13.9944,-3.6456
33,Jogging,49106982316850,-4.3120,19.9920,-0.1176
33,Jogging,49106982316851,4.3120,19.7960,2.8616
33,Jogging,49106982316852,0.7448,11.7600,-1.0584
33,Jogging,49106982316853,-4.9784,-4.4296,-7.9576
33,Jogging,49106982316854,-0.4312,-4.8216,-3.4104
33,Jogging,49106982316855,-1.7640,12.6224,19.9920
33,Jogging,49106982316856,6.7424,-1.0584,-19.9920
33,Jogging,49106982316857,0.4312,19.9920,-5.0960
33,Jogging,49106982316858,8.1536,19.9920,-4.3120
33,Jogging,49106982316859,-5.8800,9.6824,4.3904
33,Jogging,49106982316860,-0.2352,3.8808,7.5656
33,Jogging,49106982316861,3.1752,-0.6664,2.7048
33,Jogging,49106982316862,-2.7048,11.8384,-3.2144
33,Jogging,49106982316863,-4.1552,19.9920,-1.9600
33,Jogging,49106982316864,-0.0784,10.3488,-2.6656
33,Jogging,49106982316865,-4.0376,-4.3904,-7.2912
33,Jogging,49106982316866,-1.0192,-2.1560,-0.8232
33,Jogging,49106982316867,-3.8024,14.0336,19.9920
33,Jogging,49106982316868,9.6432,-5.5664,-19.7960
33,Jogging,49106982316869,5.4096,19.9920,-7.9968
33,Jogging,49106982316870,4.5080,18.4632,-7.3304
33,Jogging,49106982316871,6.3504,19.9136,7.2520
33,Jogging,49106982316872,-5.8016,9.9176,4.9392
33,Jogging,49106982316873,-1.7640,4.7040,9.4080
33,Jogging,49106982316874,1.7640,-0.1568,2.7048
33,Jogging,49106982316875,-3.9984,6.7816,-2.0776
33,Jogging,49106982316876,1.0976,19.9920,1.9208
33,Jogging,49106982316877,3.5672,19.9920,9.1728
33,Jogging,49106982316878,2.4304,10.1136,0.0392
33,Jogging,49106982316879,-4.2728,-1.2544,-8.1536
33,Jogging,49106982316880,-2.5480,-4.7432,-3.2928
33,Jogging,49106982316881,-1.2544,10.5840,16.5032
33,Jogging,49106982316882,0.1176,19.9920,-10.7800
33,Jogging,49106982316883,2.4696,15.1704,-5.6056
33,Jogging,49106982316884,5.9976,19.9920,3.1360
33,Jogging,49106982316885,-0.5488,14.3472,5.7624
33,Jogging,49106982316886,-3.2536,6.4680,7.0168
33,Jogging,49106982316887,1.0584,3.6456,6.8600
33,Jogging,49106982316888,-1.4112,1.9992,-0.9800
33,Jogging,49106982316889,1.2544,15.8368,-2.7832
33,Jogging,49106982316890,3.7632,15.9936,2.3128
33,Jogging,49106982316891,-3.0576,2.7440,-5.5272
33,Jogging,49106982316892,-4.5080,-4.1552,-6.8208
33,Jogging,49106982316893,-0.3920,3.0968,2.3128
33,Jogging,49106982316894,-4.3512,14.7392,19.9920
33,Jogging,49106982316895,1.1760,19.9920,-0.5488
33,Jogging,49106982316896,4.1552,15.8760,-3.2928
33,Jogging,49106982316897,5.7624,19.9920,4.6648
33,Jogging,49106982316898,-2.7440,13.1712,2.9008
33,Jogging,49106982316899,-3.5672,6.3112,7.3696
33,Jogging,49106982316900,2.1952,1.7640,6.5856
33,Jogging,49106982316901,-3.6848,2.9792,-1.8816
33,Jogging,49106982316902,0.0000,14.7392,-4.3512
33,Jogging,49106982316903,4.9784,19.9920,2.9400
33,Jogging,49106982316904,4.2728,16.6600,1.6856
33,Jogging,49106982316905,-2.3128,2.2736,-4.9784
33,Jogging,49106982316906,-4.3120,-4.8608,-7.2520
33,Jogging,49106982316907,-2.3128,2.8224,3.0576
33,Jogging,49106982316908,-8.7416,12.3480,19.9920
33,Jogging,49106982316909,4.3904,19.9920,-19.9920
33,Jogging,49106982316910,8.0752,17.1696,-7.0560
33,Jogging,49106982316911,0.9800,17.2872,1.4896
33,Jogging,49106982316912,-3.8416,7.5656,7.6440
33,Jogging,49106982316913,0.1176,2.3520,7.0168
33,Jogging,49106982316914,-2.1560,2.8616,-1.2936
33,Jogging,49106982316915,1.9600,19.9920,6.7816
33,Jogging,49106982316916,4.8216,15.7584,0.0784
33,Jogging,49106982316917,-4.0376,0.3528,-7.1736
33,Jogging,49106982316918,-3.1360,-6.6248,-7.0952
33,Jogging,49106982316919,-2.0776,3.5672,2.1560
33,Jogging,49106982316920,-3.2144,17.0520,19.9920
33,Jogging,49106982316921,7.8792,17.0520,-19.7960
33,Jogging,49106982316922,-0.4312,15.8368,-6.3896
33,Jogging,49106982316923,3.0968,19.9920,3.4496
33,Jogging,49106982316924,1.2544,12.6224,5.5272
33,Jogging,49106982316925,-1.0584,4.9000,6.3896
33,Jogging,49106982316926,-2.0776,3.5280,5.3312
33,Jogging,49106982316927,-2.7832,2.3520,-1.3720
33,Jogging,49106982316928,-0.3528,9.8392,-3.1360
33,Jogging,49106982316929,4.3904,19.9920,3.3320
33,Jogging,49106982316930,-1.8032,6.9384,-4.0376
33,Jogging,49106982316931,-1.5680,2.4304,1.0192
33,Jogging,49106982316932,-1.4896,14.2688,19.2080
33,Jogging,49106982316933,10.9368,10.1528,-8.3496
33,Jogging,49106982316934,-3.8808,18.6984,3.0968
33,Jogging,49106982316935,6.1936,19.9920,-1.1760
33,Jogging,49106982316936,3.4104,18.3456,5.0176
33,Jogging,49106982316937,-5.3312,8.7416,5.9192
33,Jogging,49106982316938,-1.0192,6.5464,10.1528
33,Jogging,49106982316939,2.2736,-0.5096,-0.0784
33,Jogging,49106982316940,-2.3520,6.7816,-2.8616
33,Jogging,49106982316941,-1.5288,19.9920,2.3912
33,Jogging,49106982316942,1.1760,17.5616,6.0368
33,Jogging,49106982316943,-2.8616,6.8600,-2.3128
33,Jogging,49106982316944,-3.8808,2.1560,-5.2136
33,Jogging,49106982316945,-0.4704,10.6232,14.8960
33,Jogging,49106982316946,6.7816,7.9184,-8.4280
33,Jogging,49106982316947,-1.6856,13.3672,-3.6848
33,Jogging,49106982316948,7.1344,19.9920,5.8016
33,Jogging,49106982316949,-5.5664,10.2312,4.7432
33,Jogging,49106982316950,-1.2152,6.0760,7.9184
33,Jogging,49106982316951,1.6856,0.4704,2.9400
33,Jogging,49106982316952,-3.4104,3.7632,-3.9592
33,Jogging,49106982316953,1.4504,19.9920,-1.3720
33,Jogging,49106982316954,4.5472,19.9920,7.0560
33,Jogging,49106982316955,1.7248,8.2320,-2.0384
33,Jogging,49106982316956,-2.3128,-2.5088,-8.4672
33,Jogging,49106982316957,-2.0776,-1.2544,-5.1744
33,Jogging,49106982316958,-2.7048,7.4088,5.2136
33,Jogging,49106982316959,-5.0960,2.9400,-19.9920
33,Jogging,49106982316960,1.6464,19.9920,-6.1544
33,Jogging,49106982316961,3.9200,18.5024,1.9208
33,Jogging,49106982316962,-5.3704,8.3104,4.3120
33,Jogging,49106982316963,-3.3320,5.0960,3.7240
33,Jogging,49106982316964,2.9400,3.8416,5.9584
33,Jogging,49106982316965,-2.0776,4.0376,3.0576
33,Jogging,49106982316966,4.3120,19.9920,-1.4896
33,Jogging,49106982316967,7.0560,19.9920,2.1952
33,Jogging,49106982316968,6.1152,18.3848,-1.4112
33,Jogging,49106982316969,-1.2544,7.3304,-6.8992
33,Jogging,49106982316970,-0.7448,-4.5080,-6.0368
33,Jogging,49106982316971,1.5288,-3.8808,-5.5272
33,Jogging,49106982316972,-4.5472,9.8000,4.0376
33,Jogging,49106982316973,-8.3888,9.3296,-11.0152
33,Jogging,49106982316974,9.8392,19.9920,19.9920
33,Jogging,49106982316975,10.5056,3.3712,-17.8752
33,Jogging,49106982316976,-0.1176,10.7408,-2.9008
33,Jogging,49106982316977,-1.1760,12.2304,-0.0392
33,Jogging,49106982316978,0.1568,6.8992,0.1960
33,Jogging,49106982316979,1.6464,9.7608,0.3528
33,Jogging,49106982316980,1.8816,11.0936,1.6072
33,Jogging,49106982316981,3.0968,10.7408,3.2928
33,Jogging,49106982316982,-0.1568,10.7800,5.1352
33,Jogging,49106982316983,1.0584,10.9760,3.0968
33,Jogging,49106982316984,0.0392,17.6400,-6.6248
33,Jogging,49106982316985,3.8024,19.9136,2.1168
33,Jogging,49106982316986,-1.9600,11.0152,-1.6464
33,Jogging,49106982316987,-5.9192,4.8608,-4.2728
33,Jogging,49106982316988,-3.2144,-1.1368,-3.6064
33,Jogging,49106982316989,-2.3912,-1.4112,-19.9920
33,Jogging,49106982316990,2.5088,19.9920,0.6272
33,Jogging,49106982316991,4.1552,16.1112,-6.1544
33,Jogging,49106982316992,7.0168,19.9920,0.0392
33,Jogging,49106982316993,-3.5280,13.6416,4.7432
33,Jogging,49106982316994,-5.9192,7.6440,6.1152
33,Jogging,49106982316995,4.5864,-0.7840,5.2920
33,Jogging,49106982316996,-0.4312,3.0184,-3.2536
33,Jogging,49106982316997,-3.3712,19.9920,-1.7248
33,Jogging,49106982316998,1.0976,10.1920,-2.0776
33,Jogging,49106982316999,-1.6464,-3.2536,-1.0584
33,Jogging,49106982317000,-2.4696,5.0176,7.8792
33,Jogging,49106982317001,6.9776,-3.2928,-19.9920
33,Jogging,49106982317002,-6.3896,19.9920,-4.5472
33,Jogging,49106982317003,4.9000,19.5608,-4.6256
33,Jogging,49106982317004,5.2136,19.9920,4.0376
33,Jogging,49106982317005,-2.3520,8.9768,4.7432
33,Jogging,49106982317006,-2.2736,4.7824,6.0760
33,Jogging,49106982317007,0.1960,0.9408,4.6256
33,Jogging,49106982317008,-4.1160,2.8224,-3.4888
33,Jogging,49106982317009,-1.6072,19.9920,-2.6656
33,Jogging,49106982317010,5.7624,19.9920,7.2128
33,Jogging,49106982317011,1.3720,10.8192,-1.9208
33,Jogging,49106982317012,-2.8224,-1.2544,-8.0752
33,Jogging,49106982317013,-1.6464,-4.9392,-3.1360
33,Jogging,49106982317014,-1.8424,5.2920,7.0168
33,Jogging,49106982317015,3.5672,-0.3136,-13.1320
33,Jogging,49106982317016,-3.6064,19.9920,-9.7216
33,Jogging,49106982317017,7.2912,19.9920,-3.1360
33,Jogging,49106982317018,7.6048,19.9920,4.6256
33,Jogging,49106982317019,-2.9008,8.4280,3.2144
33,Jogging,49106982317020,-5.2136,5.9192,5.5272
33,Jogging,49106982317021,1.7640,0.1176,5.1352
33,Jogging,49106982317022,-3.0968,3.3320,-2.9792
33,Jogging,49106982317023,-0.6664,19.9920,-2.1168
33,Jogging,49106982317024,4.7432,19.9920,5.0960
33,Jogging,49106982317025,0.8232,10.6624,-2.1952
33,Jogging,49106982317026,-3.2928,0.0000,-7.7224
33,Jogging,49106982317027,-1.4896,-4.3904,-2.1560
33,Jogging,49106982317028,0.0392,4.1160,6.0760
33,Jogging,49106982317029,8.4672,-3.4888,-19.9920
33,Jogging,49106982317030,-7.3304,19.9920,-14.4256
33,Jogging,49106982317031,8.9768,19.9920,-1.1760
33,Jogging,49106982317032,7.8400,19.9920,6.7424
33,Jogging,49106982317033,-3.6456,7.4088,2.8224
33,Jogging,49106982317034,-3.8808,4.9392,5.1744
33,Jogging,49106982317035,-2.8616,3.0576,-1.8816
33,Jogging,49106982317036,-0.2744,19.9920,-3.4496
33,Jogging,49106982317037,2.6656,19.9920,5.0568
33,Jogging,49106982317038,0.0000,11.2896,-2.6656
33,Jogging,49106982317039,-3.3320,-0.1568,-6.9776
33,Jogging,49106982317040,-0.6272,-5.9584,-3.8416
33,Jogging,49106982317041,-0.4312,4.3512,4.1160
33,Jogging,49106982317042,4.3120,-1.2544,-9.7608
33,Jogging,49106982317043,-3.1360,19.9920,-17.1696
33,Jogging,49106982317044,9.5648,19.9920,-3.4888
33,Jogging,49106982317045,8.2712,19.8352,3.9984
33,Jogging,49106982317046,-3.5672,10.3880,4.2336
33,Jogging,49106982317047,-5.9584,6.0368,5.7232
33,Jogging,49106982317048,4.3120,0.0000,4.9784
33,Jogging,49106982317049,0.4312,0.5096,-0.1176
33,Jogging,49106982317050,-1.3720,19.9920,-4.7040
33,Jogging,49106982317051,-0.7056,19.9920,3.0576
33,Jogging,49106982317052,-1.8816,4.3512,-4.7040
33,Jogging,49106982317053,-3.0968,-7.2520,-6.5464
33,Jogging,49106982317054,-1.6464,2.1952,-1.0584
33,Jogging,49106982317055,-4.1944,13.9552,19.9920
33,Jogging,49106982317056,12.9360,12.1520,-19.9920
33,Jogging,49106982317057,2.2736,17.8360,-7.5656
33,Jogging,49106982317058,10.0744,19.9920,4.6648
33,Jogging,49106982317059,-1.8424,11.0936,6.5464
33,Jogging,49106982317060,-4.4296,5.4096,5.5664
33,Jogging,49106982317061,-1.0192,1.6072,5.1352
33,Jogging,49106982317062,-1.9992,0.8232,-0.7448
33,Jogging,49106982317063,2.3520,19.9528,0.3920
33,Jogging,49106982317064,1.9992,19.9920,0.7448
33,Jogging,49106982317065,3.1360,12.2304,2.0384
33,Jogging,49106982317066,-1.9600,6.6248,-4.1552
33,Jogging,49106982317067,-4.6648,-3.2144,-5.9192
33,Jogging,49106982317068,-0.9016,1.7248,1.4896
33,Jogging,49106982317069,-4.1944,12.7400,17.9928
33,Jogging,49106982317070,4.0768,15.6016,-7.6048
33,Jogging,49106982317071,2.3128,15.5624,-4.5864
33,Jogging,49106982317072,8.0752,19.9920,-0.2352
33,Jogging,49106982317073,0.5488,15.8760,3.9984
33,Jogging,49106982317074,-5.4096,9.3688,4.7040
33,Jogging,49106982317075,-0.2352,4.3512,7.8400
33,Jogging,49106982317076,2.0776,-0.1960,3.6456
33,Jogging,49106982317077,-2.7832,13.9944,-1.7640
33,Jogging,49106982317078,-1.6072,19.9920,-2.3520
33,Jogging,49106982317079,4.7040,19.0120,3.7632
33,Jogging,49106982317080,0.0000,8.8984,-2.2736
33,Jogging,49106982317081,-4.2336,-3.3712,-7.1736
33,Jogging,49106982317082,-0.6272,-4.6648,-3.1360
33,Jogging,49106982317083,-1.2544,15.9544,19.9920
33,Jogging,49106982317084,8.3888,6.8600,-16.6600
33,Jogging,49106982317085,-1.2152,10.7800,-9.0944
33,Jogging,49106982317086,3.9984,19.1688,5.2136
33,Jogging,49106982317087,-3.4496,10.7016,5.7624
33,Jogging,49106982317088,-2.3128,4.1944,7.9968
33,Jogging,49106982317089,2.9400,0.2744,4.4688
33,Jogging,49106982317090,-2.0776,12.3872,-2.7048
33,Jogging,49106982317091,-1.0584,19.9920,-2.9008
33,Jogging,49106982317092,7.4088,19.9920,6.1936
33,Jogging,49106982317093,1.6072,12.5048,-1.1368
33,Jogging,49106982317094,-4.0768,-2.2344,-7.7616
33,Jogging,49106982317095,-2.2736,-8.0360,-6.5464
33,Jogging,49106982317096,-2.6264,8.3888,13.2888
33,Jogging,49106982317097,1.6464,2.3520,-19.9920
33,Jogging,49106982317098,-0.7056,14.4648,3.8808
33,Jogging,49106982317099,8.7416,19.9920,-3.0184
33,Jogging,49106982317100,0.1568,16.8560,3.0576
33,Jogging,49106982317101,-3.5672,9.0552,3.5672
33,Jogging,49106982317102,-2.9400,5.5272,8.1536
33,Jogging,49106982317103,-0.0392,8.8200,-1.4112
33,Jogging,49106982317104,0.5880,19.9920,-0.2352
33,Jogging,49106982317105,5.2528,19.3648,6.6248
33,Jogging,49106982317106,3.2144,13.7592,-1.2152
33,Jogging,49106982317107,-5.0960,1.0976,-7.3696
33,Jogging,49106982317108,-6.5856,-5.0960,-8.0360
33,Jogging,49106982317109,-2.1952,7.9576,9.2512
33,Jogging,49106982317110,-3.8024,6.8208,-0.0784
33,Jogging,49106982317111,2.5480,17.2872,-6.9776
33,Jogging,49106982317112,7.4480,19.9920,-1.9208
33,Jogging,49106982317113,1.2544,16.6600,0.3528
33,Jogging,49106982317114,-1.3720,14.5824,3.5672
33,Jogging,49106982317115,-0.5096,6.1544,6.8208
33,Jogging,49106982317116,0.5096,3.5672,8.5848
33,Jogging,49106982317117,-0.4312,2.1952,-1.1368
33,Jogging,49106982317118,2.4696,18.0320,-0.3920
33,Jogging,49106982317119,4.1944,19.9920,7.2912
33,Jogging,49106982317120,5.5664,14.5432,1.8816
33,Jogging,49106982317121,-5.3312,-1.9992,-7.3696
33,Jogging,49106982317122,-3.0184,2.7440,0.8232
33,Jogging,49106982317123,-9.5256,19.9920,19.9920
33,Jogging,49106982317124,19.9920,8.8984,-13.5240
33,Jogging,49106982317125,5.3704,16.5424,-0.5096
33,Jogging,49106982317126,-0.1176,15.8368,-0.6664
33,Jogging,49106982317127,2.3520,16.8560,1.6072
33,Jogging,49106982317128,1.3328,7.7224,2.3520
33,Jogging,49106982317129,-1.5680,6.8992,7.7224
33,Jogging,49106982317130,-0.0392,8.0360,8.1928
33,Jogging,49106982317131,3.5672,15.9152,-1.0584
33,Jogging,49106982317132,3.9592,19.9920,-5.3704
33,Jogging,49106982317133,6.8600,18.4632,3.4496
33,Jogging,49106982317134,3.7240,12.3872,-4.9784
33,Jogging,49106982317135,2.5480,-1.9992,-5.8408
33,Jogging,49106982317136,-5.4096,19.8744,11.0936
33,Jogging,49106982317137,6.3896,-0.3136,-19.9920
33,Jogging,49106982317138,4.5472,9.4472,2.1952
33,Jogging,49106982317139,-2.3128,10.0352,-2.8616
33,Jogging,49106982317140,-1.0584,6.1936,2.1560
33,Jogging,49106982317141,1.6072,6.9384,-0.9800
33,Jogging,49106982317142,3.3320,11.4464,-3.2928
33,Jogging,49106982317143,1.9208,13.9552,-1.0976
33,Jogging,49106982317144,0.1960,11.2504,1.6856
33,Jogging,49106982317145,1.6072,9.1336,4.3120
33,Jogging,49106982317146,-0.1960,7.4088,5.3312
33,Jogging,49106982317147,2.7048,10.0744,3.7240
33,Jogging,49106982317148,-0.3920,19.9920,-8.5064
33,Jogging,49106982317149,-2.6264,19.9920,3.5280
33,Jogging,49106982317150,-0.3136,11.3680,-2.4304
33,Jogging,49106982317151,-2.8224,1.4896,-4.3904
33,Jogging,49106982317152,-2.4304,-3.1360,-2.1560
33,Jogging,49106982317153,-3.5280,3.4104,2.8616
33,Jogging,49106982317154,6.3896,-5.6448,-18.1496
33,Jogging,49106982317155,-2.1168,19.9920,-6.8208
33,Jogging,49106982317156,5.2920,16.7384,-5.7624
33,Jogging,49106982317157,3.5280,19.9920,2.8224
33,Jogging,49106982317158,-5.6056,7.2912,3.6848
33,Jogging,49106982317159,-1.7640,3.6456,7.8400
33,Jogging,49106982317160,1.8424,0.8624,3.9984
33,Jogging,49106982317161,-1.5288,5.2136,-3.8416
33,Jogging,49106982317162,-2.4304,19.9920,-1.8816
33,Jogging,49106982317163,5.1744,19.9920,7.5656
33,Jogging,49106982317164,-0.2352,9.6040,-3.3320
33,Jogging,49106982317165,-3.4888,-1.0584,-6.7424
33,Jogging,49106982317166,-1.6072,-2.9008,-1.8032
33,Jogging,49106982317167,-1.6464,5.4880,9.9568
33,Jogging,49106982317168,8.8984,-3.5672,-19.9920
33,Jogging,49106982317169,-8.6240,19.9920,-1.6856
33,Jogging,49106982317170,3.4496,19.9920,-6.2720
33,Jogging,49106982317171,-3.8416,9.5256,5.0568
33,Jogging,49106982317172,-2.1560,3.9200,6.5856
33,Jogging,49106982317173,1.8424,0.3136,4.1160
33,Jogging,49106982317174,-3.9200,5.4096,-2.8616
33,Jogging,49106982317175,-3.0576,19.9920,-3.1752
33,Jogging,49106982317176,7.5656,19.9920,5.3704
33,Jogging,49106982317177,-0.1960,9.4080,-2.9400
33,Jogging,49106982317178,-4.8216,-2.4304,-8.0360
33,Jogging,49106982317179,-2.9792,-1.9992,-2.7832
33,Jogging,49106982317180,-1.8424,10.2312,17.6792
33,Jogging,49106982317181,16.6600,5.3704,-19.9920
33,Jogging,49106982317182,-3.4496,14.3472,-1.6464
33,Jogging,49106982317183,8.6240,19.9920,-4.1944
33,Jogging,49106982317184,6.3896,19.3648,4.1552
33,Jogging,49106982317185,-5.4488,8.3104,3.9592
33,Jogging,49106982317186,-3.9592,5.8408,6.8600
33,Jogging,49106982317187,3.1752,-0.5488,4.5472
33,Jogging,49106982317188,-2.9008,2.8224,-1.6856
33,Jogging,49106982317189,-1.7248,19.9920,-3.2536
33,Jogging,49106982317190,2.4304,19.9920,5.1352
33,Jogging,49106982317191,0.8624,12.1520,-1.7640
33,Jogging,49106982317192,-3.3320,-0.0784,-6.7032
33,Jogging,49106982317193,-0.8624,-7.0168,-2.7440
33,Jogging,49106982317194,0.0784,4.5080,4.1552
33,Jogging,49106982317195,8.7808,-3.2144,-19.9528
33,Jogging,49106982317196,-2.9400,19.9920,-2.3128
33,Jogging,49106982317197,4.2336,17.1304,-5.9584
33,Jogging,49106982317198,9.6824,19.9920,4.5472
33,Jogging,49106982317199,-3.8024,9.8784,5.3312
33,Jogging,49106982317200,-8.0752,5.0176,6.3112
33,Jogging,49106982317201,3.2928,0.0784,4.6648
33,Jogging,49106982317202,-0.7840,2.3520,-1.4896
33,Jogging,49106982317203,1.6072,19.9920,1.8032
33,Jogging,49106982317204,4.6256,19.9920,3.4496
33,Jogging,49106982317205,2.7440,12.8576,-1.2152
33,Jogging,49106982317206,-3.9592,2.8616,-8.0360
33,Jogging,49106982317207,-2.1168,2.6264,1.6464
33,Jogging,49106982317208,3.0576,4.7432,-16.5032
33,Jogging,49106982317209,2.7440,10.0744,-15.3664
33,Jogging,49106982317210,5.6840,19.9920,-6.3896
33,Jogging,49106982317211,-3.7632,9.7216,5.4880
33,Jogging,49106982317212,-3.6064,5.0568,6.5072
33,Jogging,49106982317213,2.3128,-0.0392,5.4488
33,Jogging,49106982317214,-3.2144,2.6656,-1.8424
33,Jogging,49106982317215,0.6664,19.9920,0.9800
33,Jogging,49106982317216,1.8424,19.9920,0.7448
33,Jogging,49106982317217,2.9400,15.0528,-1.0976
33,Jogging,49106982317218,-1.8032,4.9392,-5.2528
33,Jogging,49106982317219,-3.2536,-9.1728,-6.4288
33,Jogging,49106982317220,-3.0968,2.3912,0.8624
33,Jogging,49106982317221,6.7032,19.9920,-14.3080
33,Jogging,49106982317222,3.6848,14.5432,-5.4488
33,Jogging,49106982317223,9.9176,19.9920,2.7440
33,Jogging,49106982317224,-1.6856,10.9368,3.2928
33,Jogging,49106982317225,-4.4296,7.5264,4.9784
33,Jogging,49106982317226,1.5288,2.4304,7.5264
33,Jogging,49106982317227,1.3720,-0.6664,1.3720
33,Jogging,49106982317228,1.3328,15.2096,-1.0976
33,Jogging,49106982317229,0.5096,19.9920,-5.5664
33,Jogging,49106982317230,4.7824,16.3856,4.9784
33,Jogging,49106982317231,-1.3720,8.4672,-4.2336
33,Jogging,49106982317232,-4.7432,-2.6264,-7.3304
33,Jogging,49106982317233,0.8624,-2.5872,-2.3128
33,Jogging,49106982317234,-0.2352,12.5440,19.9920
33,Jogging,49106982317235,6.8600,-1.6072,-17.0128
33,Jogging,49106982317236,2.9008,15.9936,0.6272
33,Jogging,49106982317237,13.7200,19.9920,0.7840
33,Jogging,49106982317238,-0.3136,15.6800,2.5088
33,Jogging,49106982317239,-9.3296,10.7800,3.1752
33,Jogging,49106982317240,2.4696,4.0376,5.8016
33,Jogging,49106982317241,4.0768,-0.7840,4.0376
33,Jogging,49106982317242,-2.2344,7.9184,-1.4896
33,Jogging,49106982317243,7.8400,19.9920,-0.8232
33,Jogging,49106982317244,5.9192,18.6200,6.3896
33,Jogging,49106982317245,-1.8424,-2.2344,-9.2512
33,Jogging,49106982317246,0.8232,-5.9976,-3.8024
33,Jogging,49106982317247,-2.1168,4.9000,1.2544
33,Jogging,49106982317248,-1.6856,16.5816,19.9920
33,Jogging,49106982317249,19.9920,8.5456,-11.0544
33,Jogging,49106982317250,-1.6856,19.9920,-17.4832
33,Jogging,49106982317251,4.7824,11.8384,-3.4888
33,Jogging,49106982317252,-1.6072,15.9936,-0.7056
33,Jogging,49106982317253,-1.7248,6.3504,0.7448
33,Jogging,49106982317254,-0.3528,5.5664,0.2352
33,Jogging,49106982317255,2.1168,9.1336,-0.0784
33,Jogging,49106982317256,2.2344,10.9760,-0.0784
33,Jogging,49106982317257,1.3328,11.3288,1.0192
33,Jogging,49106982317258,-0.1176,13.2888,0.9016
33,Jogging,49106982317259,1.6072,16.3464,-7.7224
33,Jogging,49106982317260,2.7048,14.2296,-0.5880
33,Jogging,49106982317261,3.4888,10.6624,-0.2352
33,Jogging,49106982317262,0.7840,1.3328,-4.7432
33,Jogging,49106982317263,-5.4096,3.4496,7.0168
33,Jogging,49106982317264,-1.0584,4.9000,-7.0560
33,Jogging,49106982317265,13.6808,19.9920,3.2928
33,Jogging,49106982317266,9.2904,18.4240,-0.7056
33,Jogging,49106982317267,-3.6848,11.0544,3.4888
33,Jogging,49106982317268,-5.0960,5.0568,4.7824
33,Jogging,49106982317269,2.7832,1.2544,5.3704
33,Jogging,49106982317270,1.4112,1.5680,-0.0784
33,Jogging,49106982317271,-2.1560,19.9920,-4.3904
33,Jogging,49106982317272,4.3512,19.9920,6.1936
33,Jogging,49106982317273,2.2736,11.3288,-2.5872
33,Jogging,49106982317274,-2.1168,0.1176,-7.9968
33,Jogging,49106982317275,-2.3128,-6.4288,-5.0568
33,Jogging,49106982317276,-2.7440,3.0184,4.2728
33,Jogging,49106982317277,2.8616,-2.2736,-19.9920
33,Jogging,49106982317278,-7.8792,19.9920,-16.8560
33,Jogging,49106982317279,10.0744,19.9920,-3.6456
33,Jogging,49106982317280,4.1552,19.9920,5.9192
33,Jogging,49106982317281,-0.7056,3.8808,8.3104
33,Jogging,49106982317282,0.4312,-0.3528,1.4112
33,Jogging,49106982317283,-1.2544,9.4080,-2.7440
33,Jogging,49106982317284,-3.9592,19.9920,-3.4496
33,Jogging,49106982317285,5.5664,19.9920,8.9376
33,Jogging,49106982317286,-1.4504,6.8600,-5.0568
33,Jogging,49106982317287,-3.7240,-3.8024,-7.3304
33,Jogging,49106982317288,1.2544,-5.0568,-3.2928
33,Jogging,49106982317289,-1.0976,6.4680,9.1728
33,Jogging,49106982317290,3.9984,13.1712,-8.9768
33,Jogging,49106982317291,0.1960,9.9960,-12.5440
33,Jogging,49106982317292,4.3120,18.7376,6.0368
33,Jogging,49106982317293,-4.2336,6.9384,4.1552
33,Jogging,49106982317294,-0.7056,3.5280,6.1152
33,Jogging,49106982317295,-0.3528,1.7640,4.6648
33,Jogging,49106982317296,-3.8416,2.5088,-1.4112
33,Jogging,49106982317297,4.0376,19.9920,-5.7232
33,Jogging,49106982317298,1.4896,19.9920,3.7240
33,Jogging,49106982317299,0.2744,13.0928,-1.9208
33,Jogging,49106982317300,-2.9400,3.0576,-5.5272
33,Jogging,49106982317301,-1.1760,-7.8008,-6.1152
33,Jogging,49106982317302,-0.5488,1.8424,0.1568
33,Jogging,49106982317303,-6.7032,14.6216,19.9920
33,Jogging,49106982317304,14.5040,19.9920,-19.9920
33,Jogging,49106982317305,3.4104,15.2096,-9.9568
33,Jogging,49106982317306,5.8016,18.5416,-1.5288
33,Jogging,49106982317307,-0.4704,10.7016,1.2152
33,Jogging,49106982317308,-1.2936,5.5664,1.0584
33,Jogging,49106982317309,2.0384,3.6064,1.8032
33,Jogging,49106982317310,2.1560,5.9976,2.3520
33,Jogging,49106982317311,1.7640,12.0736,4.6256
33,Jogging,49106982317312,7.3304,19.9920,4.6256
33,Jogging,49106982317313,-8.8984,17.7576,-3.9200
33,Jogging,49106982317314,-0.8232,17.3656,-6.3896
33,Jogging,49106982317315,3.9984,9.2512,-0.4704
33,Jogging,49106982317316,1.4896,7.8008,-1.0192
33,Jogging,49106982317317,-0.7448,4.9000,-1.4896
33,Jogging,49106982317318,-2.2344,6.5464,0.4312
33,Jogging,49106982317319,-1.7640,8.7808,4.7432
33,Jogging,49106982317320,-0.9408,8.4280,9.5648
33,Jogging,49106982317321,0.5488,8.8200,5.1352
33,Jogging,49106982317322,-3.2928,10.5056,-1.2936
33,Jogging,49106982317323,-4.5472,7.9968,-1.4896
33,Jogging,49106982317324,-5.4880,19.9920,3.0184
33,Jogging,49106982317325,4.7040,1.0584,-3.4888
33,Jogging,49106982317326,4.4688,10.9368,1.6856
33,Jogging,49106982317327,-2.0384,11.4464,-0.1176
33,Jogging,49106982317328,-3.4104,10.2704,-0.3136
33,Jogging,49106982317329,1.8816,9.8784,0.9800
33,Jogging,49106982317330,1.0976,9.2904,0.1960
33,Jogging,49106982317331,-0.0784,10.5840,-0.7056
33,Jogging,49106982317332,0.1960,10.0352,-0.1176
33,Jogging,49106982317333,1.1368,9.5256,-0.3920
33,Jogging,49106982317334,2.3520,8.9376,-0.6664
33,Jogging,49106982317335,1.5680,9.2120,-1.7640
33,Jogging,49106982317336,-0.1568,13.0144,-0.3920
33,Jogging,49106982317337,1.7640,8.6240,-0.2352
33,Jogging,49106982317338,3.2144,9.2120,-3.2144
33,Jogging,49106982317339,1.4896,9.5256,-1.5288
33,Jogging,49106982317340,1.3328,10.1528,-1.7640
33,Jogging,49106982317341,1.4504,9.9960,-1.8032
33,Jogging,49106982317342,1.4504,9.9568,-2.1560
33,Jogging,49106982317343,1.5288,9.7216,-2.0776
33,Jogging,49106982317344,1.3328,9.8392,-1.8816
33,Jogging,49106982317345,1.2936,9.8784,-1.8816
33,Jogging,49106982317346,1.2936,9.8392,-1.8424
33,Jogging,49106982317347,1.3328,9.9960,-1.8424
33,Jogging,49106982317348,1.2936,9.9176,-1.9600
33,Jogging,49106982317349,1.1760,9.8784,-1.9600
33,Jogging,49106982317350,1.4896,9.7608,-2.0384

